Max number values created
5,6,8,9,75,100 691
5,7,8,9,75,100 652
6,7,9,10,75,100 650
6,8,9,10,75,100 648
3,8,9,10,75,100 648
2,5,6,9,75,100 643
5,6,8,9,50,100 641
5,6,7,9,75,100 640
2,5,8,9,75,100 638
4,7,9,10,75,100 636

Smallest number of values created
1,1,2,2,3,25 20
1,1,2,2,4,25 21
1,1,2,3,3,25 25
1,1,3,4,4,25 34
1,1,2,2,6,25 35
1,1,2,2,9,25 35
1,1,2,2,5,25 35
1,1,2,2,7,25 35
1,1,2,2,4,50 36
1,1,2,4,4,25 36

Number of attainable numbers by options
Laabbc, 900
Laabcd, 900
Labcde, 900
LLaabb, 900
LLaabc, 900
LLabcd, 900
LLLaab, 900
LLLabc, 900
LLLLaa, 658
LLLLab, 801


Laabbc
1440 257167 178.59
Laabcd
3360 865253 257.52
Labcde
1008 349921 347.14
(257167+865253+349921)/float(1440+3360+1008) = 253.5

LLaabb
270 58221 215.63
LLaabc
2160 694966 321.74
LLabcd
1260 574520 455.97
(58221+694966+574520)/float(270+2160+1260) = 359.8

LLLaab
360 100324 278.68
LLLabc
480 199349 415.31
(100324+199349)/float(360+480) = 356.8

LLLLaa
10 1541 154.1
LLLLab
45 10619 235.98
(1541+10619)/55. = 221.1

Total number of outcomes
1440+3360+1008+270+2160+1260+360+480+10+45 = 10393